001 218 (960,536,3)
002 172 (960,536,3)
003 240 (960,536,3)
004 240 (960,536,3)
005 156 (960,536,3)
006 146 (960,536,3)
007 300 (960,536,3)
008 300 (960,536,3)
009 116 (960,536,3)
010 114 (960,536,3)
011 106 (960,536,3)
012 176 (960,536,3)
013 160 (960,536,3)
014 240 (960,536,3)
015 248 (960,536,3)
016 260 (960,536,3)
017 256 (960,536,3)
018 300 (960,536,3)
019 179 (960,536,3)
020 209 (960,536,3)
021 240 (960,536,3)
022 194 (960,536,3)
023 237 (960,536,3)
024 300 (960,536,3)
025 300 (960,536,3)
026 250 (960,536,3)
027 300 (960,536,3)
028 300 (960,536,3)
029 240 (960,536,3)
030 137 (960,536,3)
031 138 (960,536,3)
032 300 (960,536,3)
033 300 (960,536,3)
034 261 (960,536,3)
035 200 (960,536,3)
036 250 (960,536,3)
037 300 (960,536,3)
038 300 (960,536,3)
039 300 (960,536,3)
040 300 (960,536,3)
041 240 (960,496,3)
042 240 (960,536,3)
043 250 (960,536,3)
044 300 (960,536,3)
045 300 (960,536,3)
046 300 (960,536,3)
047 175 (960,536,3)
048 300 (960,536,3)
049 300 (960,536,3)
050 182 (960,536,3)
051 240 (960,536,3)
052 240 (960,536,3)
053 150 (960,536,3)
054 250 (960,536,3)
055 250 (960,536,3)
056 600 (960,536,3)
057 600 (960,536,3)
058 600 (960,536,3)
059 600 (960,536,3)
060 300 (960,536,3)
061 240 (960,536,3)
062 150 (960,536,3)
063 300 (960,536,3)
064 300 (960,536,3)
065 300 (960,536,3)
066 250 (960,536,3)
067 250 (960,536,3)
068 300 (960,536,3)
069 300 (960,536,3)
070 300 (960,536,3)
071 300 (960,536,3)
072 300 (960,536,3)
073 600 (960,536,3)
074 600 (960,536,3)
075 600 (960,536,3)
076 300 (960,536,3)
077 240 (960,536,3)
078 300 (960,536,3)
079 300 (960,536,3)
080 480 (960,536,3)
081 300 (960,536,3)
082 420 (960,536,3)
083 363 (960,536,3)
084 600 (960,536,3)
085 597 (960,536,3)
086 280 (960,536,3)
087 300 (960,536,3)
088 300 (960,536,3)
089 500 (960,536,3)
090 300 (960,536,3)
091 300 (960,536,3)
092 245 (960,536,3)
093 240 (960,536,3)
094 240 (960,536,3)
095 214 (960,536,3)
096 182 (960,536,3)
097 250 (960,536,3)
098 250 (960,536,3)
099 125 (960,536,3)
100 120 (960,536,3)
101 120 (960,536,3)
102 200 (960,536,3)
103 240 (960,536,3)
104 120 (960,536,3)
105 150 (960,536,3)
106 163 (960,536,3)
107 300 (960,536,3)
108 203 (960,536,3)
109 180 (960,536,3)
110 252 (960,536,3)
111 300 (960,536,3)
112 141 (960,536,3)
113 240 (960,536,3)
114 200 (960,536,3)
115 250 (960,536,3)
116 250 (960,536,3)
117 420 (960,536,3)
118 400 (960,536,3)
119 590 (960,536,3)
120 480 (960,536,3)
121 215 (960,536,3)
122 300 (960,536,3)
123 300 (960,536,3)
124 300 (960,536,3)
125 300 (960,536,3)
126 300 (960,536,3)
127 300 (960,536,3)
128 600 (960,536,3)
129 238 (960,536,3)
130 344 (960,536,3)
131 505 (960,536,3)
132 300 (960,536,3)
133 458 (960,536,3)
134 600 (960,536,3)
135 400 (960,536,3)
136 600 (960,536,3)
137 300 (960,536,3)
138 210 (960,536,3)
139 300 (960,536,3)
140 300 (960,536,3)
141 300 (960,536,3)
142 300 (960,536,3)
143 300 (960,536,3)
144 300 (960,536,3)
145 210 (960,536,3)
146 300 (960,536,3)
147 216 (960,536,3)
148 148 (960,536,3)
149 250 (960,536,3)
150 233 (960,536,3)
151 128 (960,536,3)
152 216 (960,536,3)
153 250 (960,536,3)
154 250 (960,536,3)
155 242 (960,536,3)
156 300 (960,536,3)
157 270 (960,536,3)
158 300 (960,536,3)
159 300 (960,536,3)
160 300 (960,536,3)
161 300 (960,536,3)
162 300 (960,536,3)
163 300 (960,536,3)
164 300 (960,536,3)
165 300 (960,536,3)
166 300 (960,536,3)
167 300 (960,536,3)
168 300 (960,536,3)
169 300 (960,536,3)
170 420 (960,536,3)
171 300 (960,536,3)
172 300 (960,536,3)
173 300 (960,536,3)
174 240 (960,536,3)
175 240 (960,536,3)
176 240 (960,536,3)
177 240 (960,536,3)
178 240 (960,536,3)
179 300 (960,536,3)
180 600 (960,536,3)
181 600 (960,536,3)
182 535 (960,536,3)
183 600 (960,536,3)
184 250 (960,536,3)
185 600 (960,536,3)
186 600 (960,536,3)
187 600 (960,504,3)
188 600 (960,504,3)
189 600 (960,504,3)
190 600 (960,536,3)
191 300 (960,536,3)
192 300 (960,536,3)
193 300 (960,536,3)
194 300 (960,536,3)
195 233 (960,536,3)
196 250 (960,536,3)
197 250 (960,536,3)
198 250 (960,536,3)
199 300 (960,536,3)
200 300 (960,536,3)